       464      4640       168       562       941       892       612       443       691       533
       989      9890       813       465       919       941       687        98       650       822
       591      5910       500       546        60       698       826       758       882       668
       363      3630       639       476       930       926       382       889       832       276
       811      8110       702       381       226       816       647       589       647       226
       837      8370       517       634       344       450       143       148       637       703
       326      3260       627        80       313       344       137       877       980       521
       925      9250       911       612       342       171       652       226       544       583
       669      6690       771       239        94       879       477       321       235       623
       491      4910       826        63       856       717       264       431       817       254
       724      7240       194       361       686       232       405       842       287       762
       814      8140       240       434       357       319       455       915       737       353
       491      4910       750       299       980        64       189       156       386       993
       672      6720       919       766       481       789       220       423       265       197
       725      7250       842       448       316       594       926       720       969       482
       418      4180       248       313       959       718       598       300       752       392
       638      6380       978       633       859       482       152       162       346       565
       164      1640       798       280       143       687       115       920       947       539
       797      7970        55       166       365       678       437       773       590       688
       191      1910       585       473       872       679        70       169       339       942
       837      8370       277       929        80       468       510       602       691       219
       983      9830       639       627       752       111        90       991       400       363
       886      8860       865       650       405       920       987       105       430       794
       841      8410       647       686       270       355       712       357       877       820
       879      8790       256       808       605       360       374       733       421       555
       716      7160       245       559       511       605       370       922       414       680
       796      7960       580       260       791       815       276       270       589       672
       675      6750       683       383       730       442       826       396       654       944
       482      4820        93       824       871       989       752       400        65       548
       141      1410       824       309       192       832       663       886       922       955
       191      1910       730        82       706       940        74       459       463       652
       154      1540       922       511        51       769       170       945       770       816
       508      5080       863       356       355       995       176       207       473       779
       521      5210       635       542       985        52       268       238       566       887
       390      3900       520       237       926       249       665       761       239       937
       432      4320       532       920       685       129       561       135       948       974
       786      7860       266       828       439       992       409       338       364       265
       979      9790       957        75       755       536       118       248       563       175
       185      1850       612       607       498       148       549       187       825        84
       428      4280       546       887       916       300       847       960       355       379
       575      5750       946       418       256       622       157       301       754       564
       941      9410       271       300       882       421       710       554       841       649
       629      6290       203        55       609       880       558       634       995       966
       313      3130       421       846       397       799       617       285       312       707
       846      8460       220       464       747       134       357       300       701       629
       604      6040       120       875       789       484        78       222       965        81
       506      5060       104       627       493       996        50       280       993       179
       345      3450       934        62       509       317       116       837       788       885
       602      6020       174       389        75       232        91       441       742       779
       686      6860       507       192       939       632       770       206       802       299
       747      7470       941       365       380        61       806       705       339       903
       332      3320       347       303       120       153       629        80       102       680
       836      8360       826       811       992       308       862       553       291       701
       323      3230       506       349       128       995       752       636       622       843
       205      2050       198       131       646       982       204       889       421       761
       638      6380       347       880       272       910       749       143       301       715
       747      7470       419       517       251       527       237       494       374       356
       917      9170       309       799       144       401       604       827       395       913
       725      7250       200       351       408       390       488       179       744        91
       919      9190       809       188       161        54       653       238        71       795
       398      3980       518       426       700       967       940       708       361       429
       291      2910       303       878       985       389       244       138       373       825
       963      9630       833       829       662       691        70       822       264       106
       118      1180       929        51       407       565       346       643       906       531
       910      9100       690       276       826       845       842       298       517       528
       692      6920       197       432       584       946       324       589       921       190
       205      2050       195       862        51       205       915       528       727       370
       109      1090       978       643       471       447       700       289       239       746
       538      5380       111       584       732       543       217       521       209       208
       802      8020       955       351       980       682       184       299       957       485
       878      8780       620       761       740       765       158       869       264       769
       604      6040       541       284       925       598       182       850       949       127
       993      9930        51       199       483       636       142       774       311       106
       934      9340       110       204       583       459       403       344       998       968
       952      9520       423       479       169       355       323       462       858       617
       660      6600       443       290       898       927       308       465       919       855
       714      7140       907       827       297       843       812       719       794       528
       252      2520       705       728       122       351       965       930       117       281
       372      3720       764       355       517       826       424       739       693       220
       611      6110       710       712       423       253       860       678       191       114
       832      8320        67       302        56       246       408       673        78       277
       796      7960       719       368       150       325       776       853       129       276
       372      3720       989       384       337       303       910       206       476       512
       979      9790       912       419       204       747       920       169       697       168
       797      7970       649       809       538       726       153       896       132       418
       642      6420       442       191       998       451       727       569       554       930
       340      3400       508       647       118       393       623       576       941       263
       456      4560       744       202       325       824       793       653       902       540
       493      4930       540       714       871       407       923       392       973       697
       864      8640       870       530       149       970       903       216       278       144
       850      8500        89       812       837        93       644       473       992        88
       926      9260       238       303       679       869       107       899       672       893
       163      1630       657       732       384        84       795       118       959       477
       954      9540       850       184       428       372       491       840       852       462
       496      4960       662       836       643       358       203       306       586       142
       819      8190       858       960       133       312       564       738       856       798
       264      2640       907       191       406       383       750       380       629       481
       435      4350       911       102       568       873       214        85       838       296
       168      1680       579       827       546       919       288       833       698       139
       410      4100       842       963       928        56       647       462       331       533
